# SiC electronic stopping (Lindhard-Scharff)
# columns: energy[eV]  dE/dx_Si[eV/Ang]  dE/dx_C[eV/Ang]
     10.0000     0.434034     0.372652
     10.4010     0.442651     0.380050
     10.8181     0.451439     0.387595
     11.2519     0.460402     0.395290
     11.7031     0.469542     0.403138
     12.1724     0.478864     0.411141
     12.6605     0.488370     0.419303
     13.1682     0.498066     0.427628
     13.6962     0.507954     0.436117
     14.2454     0.518038     0.444776
     14.8167     0.528323     0.453606
     15.4108     0.538812     0.462611
     16.0288     0.549509     0.471795
     16.6716     0.560418     0.481162
     17.3401     0.571544     0.490714
     18.0354     0.582891     0.500456
     18.7586     0.594463     0.510392
     19.5109     0.606265     0.520525
     20.2932     0.618301     0.530859
     21.1070     0.630576     0.541398
     21.9534     0.643095     0.552146
     22.8337     0.655862     0.563108
     23.7493     0.668883     0.574287
     24.7017     0.682162     0.585688
     25.6922     0.695705     0.597316
     26.7225     0.709517     0.609174
     27.7941     0.723603     0.621268
     28.9086     0.737968     0.633602
     30.0678     0.752619     0.646181
     31.2736     0.767561     0.659010
     32.5276     0.782799     0.672093
     33.8320     0.798340     0.685436
     35.1886     0.814189     0.699044
     36.5997     0.830353     0.712922
     38.0673     0.846838     0.727075
     39.5938     0.863650     0.741510
     41.1816     0.880796     0.756231
     42.8329     0.898283     0.771245
     44.5505     0.916116     0.786556
     46.3370     0.934304     0.802171
     48.1951     0.952852     0.818097
     50.1277     0.971769     0.834338
     52.1379     0.991062     0.850902
     54.2286     1.010737     0.867795
     56.4031     1.030803     0.885024
     58.6649     1.051268     0.902594
     61.0174     1.072138     0.920513
     63.4642     1.093424     0.938788
     66.0091     1.115131     0.957426
     68.6560     1.137270     0.976433
     71.4091     1.159848     0.995818
     74.2726     1.182874     1.015588
     77.2510     1.206358     1.035751
     80.3487     1.230307     1.056313
     83.5707     1.254733     1.077284
     86.9219     1.279643     1.098671
     90.4075     1.305047     1.120483
     94.0328     1.330956     1.142728
     97.8035     1.357380     1.165414
    101.7254     1.384328     1.188551
    105.8046     1.411810     1.212147
    110.0474     1.439839     1.236212
    114.4602     1.468424     1.260755
    119.0501     1.497577     1.285784
    123.8240     1.527308     1.311311
    128.7893     1.557629     1.337344
    133.9538     1.588553     1.363894
    139.3253     1.620090     1.390972
    144.9123     1.652254     1.418586
    150.7232     1.685056     1.446749
    156.7672     1.718509     1.475472
    163.0536     1.752626     1.504764
    169.5920     1.787421     1.534638
    176.3927     1.822907     1.565105
    183.4660     1.859096     1.596177
    190.8230     1.896005     1.627866
    198.4750     1.933646     1.660183
    206.4338     1.972035     1.693143
    214.7118     2.011185     1.726757
    223.3217     2.051113     1.761038
    232.2769     2.091834     1.796000
    241.5912     2.133363     1.831655
    251.2790     2.175716     1.868019
    261.3553     2.218910     1.905105
    271.8356     2.262962     1.942927
    282.7362     2.307889     1.981499
    294.0739     2.353707     2.020838
    305.8663     2.400435     2.060957
    318.1315     2.448090     2.101873
    330.8885     2.496692     2.143602
    344.1571     2.546259     2.186158
    357.9578     2.596809     2.229560
    372.3119     2.648364     2.273823
    387.2416     2.700941     2.318965
    402.7700     2.754563     2.365003
    418.9210     2.809249     2.411955
    435.7197     2.865021     2.459840
    453.1921     2.921900     2.508675
    471.3651     2.979908     2.558479
    490.2668     3.039068     2.609273
    509.9265     3.099402     2.661074
    530.3745     3.160934     2.713904
    551.6425     3.223688     2.767783
    573.7633     3.287687     2.822732
    596.7712     3.352958     2.878771
    620.7017     3.419524     2.935923
    645.5918     3.487411     2.994210
    671.4800     3.556646     3.053653
    698.4063     3.627256     3.114277
    726.4124     3.699268     3.176105
    755.5415     3.772709     3.239160
    785.8386     3.847608     3.303466
    817.3507     3.923994     3.369050
    850.1264     4.001897     3.435935
    884.2165     4.081346     3.504149
    919.6735     4.162373     3.573716
    956.5524     4.245008     3.644665
    994.9101     4.329284     3.717022
   1034.8059     4.415233     3.790816
   1076.3016     4.502888     3.866074
   1119.4612     4.592283     3.942827
   1164.3516     4.683453     4.021104
   1211.0420     4.776434     4.100934
   1259.6047     4.871260     4.182350
   1310.1148     4.967968     4.265382
   1362.6503     5.066597     4.350062
   1417.2925     5.167184     4.436423
   1474.1259     5.269767     4.524499
   1533.2383     5.374387     4.614323
   1594.7211     5.481085     4.705931
   1658.6693     5.589900     4.799358
   1725.1818     5.700876     4.894639
   1794.3616     5.814055     4.991812
   1866.3154     5.929481     5.090914
   1941.1545     6.047198     5.191983
   2018.9947     6.167253     5.295059
   2099.9563     6.289690     5.400181
   2184.1644     6.414559     5.507391
   2271.7493     6.541907     5.616728
   2362.8464     6.671783     5.728237
   2457.5964     6.804237     5.841959
   2556.1459     6.939321     5.957939
   2658.6472     7.077086     6.076221
   2765.2588     7.217587     6.196852
   2876.1456     7.360877     6.319877
   2991.4788     7.507012     6.445345
   3111.4370     7.656048     6.573304
   3236.2055     7.808043     6.703803
   3365.9771     7.963055     6.836893
   3500.9527     8.121145     6.972625
   3641.3407     8.282373     7.111052
   3787.3583     8.446802     7.252227
   3939.2311     8.614496     7.396205
   4097.1941     8.785519     7.543041
   4261.4914     8.959937     7.692792
   4432.3770     9.137818     7.845517
   4610.1151     9.319230     8.001273
   4794.9805     9.504244     8.160122
   4987.2589     9.692931     8.322124
   5187.2478     9.885363     8.487342
   5395.2561    10.081617     8.655840
   5611.6056    10.281766     8.827684
   5836.6307    10.485889     9.002939
   6070.6793    10.694064     9.181674
   6314.1133    10.906372     9.363957
   6567.3089    11.122896     9.549858
   6830.6577    11.343717     9.739451
   7104.5667    11.568923     9.932807
   7389.4595    11.798600    10.130002
   7685.7764    12.032836    10.331112
   7993.9757    12.271723    10.536215
   8314.5337    12.515353    10.745389
   8647.9461    12.763819    10.958717
   8994.7283    13.017218    11.176279
   9355.4164    13.275647    11.398161
   9730.5681    13.539207    11.624447
  10120.7634    13.808000    11.855226
  10526.6055    14.082129    12.090587
  10948.7219    14.361700    12.330620
  11387.7651    14.646822    12.575419
  11844.4139    14.937604    12.825077
  12319.3743    15.234158    13.079692
  12813.3806    15.536601    13.339362
  13327.1965    15.845047    13.604187
  13861.6164    16.159618    13.874270
  14417.4666    16.480433    14.149715
  14995.6062    16.807618    14.430628
  15596.9293    17.141298    14.717118
  16222.3654    17.481602    15.009295
  16872.8814    17.828663    15.307273
  17549.4831    18.182613    15.611167
  18253.2165    18.543591    15.921094
  18985.1696    18.911735    16.237174
  19746.4739    19.287188    16.559529
  20538.3065    19.670095    16.888284
  21361.8916    20.060604    17.223565
  22218.5024    20.458865    17.565503
  23109.4632    20.865033    17.914230
  24036.1515    21.279264    18.269879
  25000.0000    21.701720    18.632589
